105113606231378 101012613040912 
2588072976190 112873707283 
145401547845947 143005819408722 
390143577258709 384013134608808 
51916414292070 51916414292070 
300251037943656 293643445039097 
245740157354383 244969360673134 
248445866371758 247706331036724 
524434819197204 522977891214923 
243371231641831 242839529159664 
206498935171254 204106082295383 
479684172807966 479444043078390 
89949992362428 81283750912059 
98052923471049 92340278236275 
406067924131981 404372716225650 
178510357316731 176127392682690 
255186908365219 252255429293010 
15644435733276 15377872654647 
527958537666453 526769409995219 
128724674777679 128724674777679 
138826794052738 135942661671261 
220017483730661 214479480492058 
239645488436474 231841401282011 
327436267464330 326594765809482 
489473141511901 489473141511901 
3919577713656 2588072976191 
412063170731063 410458602095666 
115525954016206 113000677818465 
481198606285875 480384437380924 
328273064364690 327788252572518 
199827355310318 192326821191117 
370716436154113 363321531321063 
135942661671260 131907151087339 
544801412500266 544801412500266 
552189629171754 544801412500267 
326127049183255 325325747744144 
242209696500269 241681816381073 
189391540551098 181676143413441 
438104292748636 434324052980656 
375693739857609 375693739857609 
209398521668196 207086557544226 
561636050660162 553688776691385 
519326999278376 513352841946732 
496917339512734 493178119244148 
67825553222762 62533303204105 
430017394114844 424177362954936 
242839529159663 242604971118812 
326594765809481 326127049183256 
473840321992177 473353945130508 
147919354604983 145401547845948 
359027334485929 356463066637154 
176127392682689 171817542783488 
39177332066824 33747881664671 
475313510220334 474844528095631 
244329586655721 243609259739363 
526033666294218 524925392214961 
450416147859760 446361586500378 
531610688974413 530285370019595 
11141173849760 10913492240530 
8427784271949 6336208430862 
10913492240529 10700163876290 
501990926477060 496917339512736 
280442644807279 275788255335869 
480139742015776 479906576714841 
290935019550276 282018373816974 
15377872654646 14789680081867 
243609259739362 243371231641832 
242604971118811 242456502301919 
11891948224878 11719715825754 
19436864629631 19238235820357 
49774914733748 42262220332700 
250477543918374 249666852741241 
473202226508093 472619837183282 
528786585780429 527958537666454 
331302629896521 330807634683642 
524925392214960 524434819197205 
334820819940854 334820819940854 
328836803805980 328273064364691 
330391836429096 330121706803818 
479172259171934 478785319091156 
203688734939131 201681752200444 
541578569027953 538242012046524 
410458602095665 409445547841638 
489473141511900 485062599643151 
318409435305114 314689366686850 
6336208430861 4916521308175 
511277797371593 504498824182245 
324255140817928 323802322618167 
89949992362429 89949992362429 
404372716225649 403312336713981 
110109748831416 105113606231379 
10700163876289 10529281755859 
529768360581553 528786585780430 
481739141991847 481198606285876 
400368761478414 395741420645981 
327788252572517 327646151858731 
339146512275577 334820819940855 
33747881664670 31057494209505 
532553773929606 531610688974414 
19238235820356 18974910015890 
204106082295382 203688734939132 
169261708012208 164333237787352 
207086557544225 206498935171255 
11719715825753 11141173849761 
538242012046523 534783469330199 
156512797333693 151973005926579 
226761529035272 222610347197017 
9874556852261 8427784271950 
247706331036723 247236949150615 
356463066637153 353125715903228 
403312336713980 402250640280403 
327646151858730 327436267464331 
17650802616418 17265650397759 
350262769743361 343473027916816 
268900975410491 264595086882696 
259064149874903 255186908365220 
465604211486206 465604211486206 
330635178092489 330391836429097 
247012266312972 246370522906344 
242456502301918 242209696500270 
210920021810153 209398521668197 
214479480492057 212520780616681 
409018633233603 407451845737404 
323802322618166 323534659851048 
460495879445666 455316354837082 
477355327881092 476786713392008 
377886335848362 375693739857610 
18282199072199 17650802616419 
16270031310196 15644435733277 
22491266733591 22491266733591 
14285954255194 13873322097363 
395741420645979 392723744538717 
323534659851047 323344303672829 
128724674777678 122387896271845 
17265650397758 16691967595915 
4916521308174 3919577713657 
407451845737403 406297516758018 
468062434617162 465604211486207 
323344303672828 323051956508723 
307702898681281 302723808391950 
78090762827058 71543464222777 
311265807541651 307702898681282 
521907911083669 519326999278377 
246140019751069 245740157354384 
59240999927250 51916414292071 
119300139269163 115525954016208 
406297516758017 406067924131982 
419275913131686 413266123757676 
479444043078389 479172259171935 
479906576714840 479684172807967 
290935019550277 290935019550277 
231841401282010 231841401282010 
226761529035273 226761529035273 
474291566530776 473840321992178 
323051956508722 322744224589760 
526769409995218 526033666294219 
480384437380923 480139742015777 
475929089336059 475313510220335 
530285370019594 529768360581554 
27309934454174 22491266733592 
330121706803817 329530178458593 
158826055474391 156512797333695 
246370522906343 246140019751070 
409445547841637 409018633233604 
